(kicad_pcb (version 20171130) (host pcbnew "(5.1.9)-1")

  (general
    (thickness 1.6)
    (drawings 24)
    (tracks 134)
    (zones 0)
    (modules 21)
    (nets 19)
  )

  (page A4)
  (layers
    (0 F.Cu signal)
    (31 B.Cu signal)
    (32 B.Adhes user)
    (33 F.Adhes user)
    (34 B.Paste user)
    (35 F.Paste user)
    (36 B.SilkS user)
    (37 F.SilkS user)
    (38 B.Mask user)
    (39 F.Mask user)
    (40 Dwgs.User user)
    (41 Cmts.User user)
    (42 Eco1.User user)
    (43 Eco2.User user)
    (44 Edge.Cuts user)
    (45 Margin user)
    (46 B.CrtYd user)
    (47 F.CrtYd user)
    (48 B.Fab user)
    (49 F.Fab user)
  )

  (setup
    (last_trace_width 0.25)
    (user_trace_width 0.4064)
    (user_trace_width 0.762)
    (user_trace_width 0.9)
    (user_trace_width 1.016)
    (trace_clearance 0.2)
    (zone_clearance 0.508)
    (zone_45_only no)
    (trace_min 0.2)
    (via_size 0.8)
    (via_drill 0.4)
    (via_min_size 0.4)
    (via_min_drill 0.3)
    (user_via 2 1)
    (uvia_size 0.3)
    (uvia_drill 0.1)
    (uvias_allowed no)
    (uvia_min_size 0.2)
    (uvia_min_drill 0.1)
    (edge_width 0.05)
    (segment_width 0.2)
    (pcb_text_width 0.3)
    (pcb_text_size 1.5 1.5)
    (mod_edge_width 0.12)
    (mod_text_size 1 1)
    (mod_text_width 0.15)
    (pad_size 2 0.9)
    (pad_drill 0)
    (pad_to_mask_clearance 0)
    (aux_axis_origin 178 42)
    (visible_elements 7FFFFFFF)
    (pcbplotparams
      (layerselection 0x010f0_ffffffff)
      (usegerberextensions true)
      (usegerberattributes false)
      (usegerberadvancedattributes false)
      (creategerberjobfile false)
      (excludeedgelayer true)
      (linewidth 0.100000)
      (plotframeref false)
      (viasonmask false)
      (mode 1)
      (useauxorigin false)
      (hpglpennumber 1)
      (hpglpenspeed 20)
      (hpglpendiameter 15.000000)
      (psnegative false)
      (psa4output false)
      (plotreference true)
      (plotvalue true)
      (plotinvisibletext false)
      (padsonsilk true)
      (subtractmaskfromsilk false)
      (outputformat 1)
      (mirror false)
      (drillshape 0)
      (scaleselection 1)
      (outputdirectory ""))
  )

  (net 0 "")
  (net 1 "Net-(D1-Pad2)")
  (net 2 gnd)
  (net 3 5v)
  (net 4 3v3)
  (net 5 "Net-(R4-Pad1)")
  (net 6 /Tx)
  (net 7 /Rx)
  (net 8 "Net-(R3-Pad2)")
  (net 9 "Net-(J2-Pad1)")
  (net 10 "Net-(J2-Pad2)")
  (net 11 "Net-(J2-Pad3)")
  (net 12 "Net-(J2-Pad4)")
  (net 13 "Net-(J2-Pad5)")
  (net 14 "Net-(J2-Pad6)")
  (net 15 "Net-(J2-Pad7)")
  (net 16 "Net-(J2-Pad8)")
  (net 17 "Net-(R2-Pad1)")
  (net 18 "Net-(R5-Pad2)")

  (net_class Default "This is the default net class."
    (clearance 0.2)
    (trace_width 0.25)
    (via_dia 0.8)
    (via_drill 0.4)
    (uvia_dia 0.3)
    (uvia_drill 0.1)
    (add_net /Rx)
    (add_net /Tx)
    (add_net 3v3)
    (add_net 5v)
    (add_net "Net-(D1-Pad2)")
    (add_net "Net-(J2-Pad1)")
    (add_net "Net-(J2-Pad2)")
    (add_net "Net-(J2-Pad3)")
    (add_net "Net-(J2-Pad4)")
    (add_net "Net-(J2-Pad5)")
    (add_net "Net-(J2-Pad6)")
    (add_net "Net-(J2-Pad7)")
    (add_net "Net-(J2-Pad8)")
    (add_net "Net-(R2-Pad1)")
    (add_net "Net-(R3-Pad2)")
    (add_net "Net-(R4-Pad1)")
    (add_net "Net-(R5-Pad2)")
    (add_net gnd)
  )

  (module "ESP32-WROOM-32E__16MB_:MODULE_ESP32-WROOM-32E_(16MB)" (layer F.Cu) (tedit 6071C2B3) (tstamp 6048D44C)
    (at 145.202 46.42)
    (path /60424348)
    (zone_connect 2)
    (fp_text reference U3 (at -6.325 -13.885) (layer F.SilkS)
      (effects (font (size 1 1) (thickness 0.015)))
    )
    (fp_text value "ESP32-WROOM-32E_(16MB)" (at 8.915 14.365) (layer F.Fab) hide
      (effects (font (size 1 1) (thickness 0.015)))
    )
    (fp_line (start -9 -12.75) (end 9 -12.75) (layer F.Fab) (width 0.127))
    (fp_line (start 9 -12.75) (end 9 -6.45) (layer F.Fab) (width 0.127))
    (fp_line (start 9 -6.45) (end 9 12.75) (layer F.Fab) (width 0.127))
    (fp_line (start 9 12.75) (end -9 12.75) (layer F.Fab) (width 0.127))
    (fp_line (start -9 12.75) (end -9 -6.45) (layer F.Fab) (width 0.127))
    (fp_line (start -9 -12.75) (end -9 -6.45) (layer F.Fab) (width 0.127))
    (fp_line (start -9 -6.45) (end 9 -6.45) (layer F.Fab) (width 0.127))
    (fp_poly (pts (xy -9 -12.75) (xy 9 -12.75) (xy 9 -6.45) (xy -9 -6.45)) (layer Dwgs.User) (width 0.01))
    (fp_poly (pts (xy -9 -12.75) (xy 9 -12.75) (xy 9 -6.45) (xy -9 -6.45)) (layer Dwgs.User) (width 0.01))
    (fp_line (start -9.25 -13) (end 9.25 -13) (layer F.CrtYd) (width 0.05))
    (fp_line (start 9.25 -13) (end 9.25 -6) (layer F.CrtYd) (width 0.05))
    (fp_line (start 9.25 -6) (end 9.75 -6) (layer F.CrtYd) (width 0.05))
    (fp_line (start 9.75 -6) (end 9.75 13.5) (layer F.CrtYd) (width 0.05))
    (fp_line (start 9.75 13.5) (end -9.75 13.5) (layer F.CrtYd) (width 0.05))
    (fp_line (start -9.75 13.5) (end -9.75 -6) (layer F.CrtYd) (width 0.05))
    (fp_line (start -9.75 -6) (end -9.25 -6) (layer F.CrtYd) (width 0.05))
    (fp_line (start -9.25 -6) (end -9.25 -13) (layer F.CrtYd) (width 0.05))
    (fp_circle (center -10 -5.25) (end -9.9 -5.25) (layer F.Fab) (width 0.2))
    (fp_circle (center -10 -5.25) (end -9.9 -5.25) (layer F.SilkS) (width 0.2))
    (fp_line (start -9 12.1) (end -9 12.75) (layer F.SilkS) (width 0.127))
    (fp_line (start -9 12.75) (end -6.55 12.75) (layer F.SilkS) (width 0.127))
    (fp_line (start 6.55 12.75) (end 9 12.75) (layer F.SilkS) (width 0.127))
    (fp_line (start 9 12.75) (end 9 12.1) (layer F.SilkS) (width 0.127))
    (fp_line (start -9 -6.25) (end -9 -12.75) (layer F.SilkS) (width 0.127))
    (fp_line (start -9 -12.75) (end 9 -12.75) (layer F.SilkS) (width 0.127))
    (fp_line (start 9 -12.75) (end 9 -6.25) (layer F.SilkS) (width 0.127))
    (fp_text user ANTENNA (at -6 -9) (layer F.Fab) hide
      (effects (font (size 1.4 1.4) (thickness 0.015)))
    )
    (pad 1 smd rect (at -8.5 -5.26) (size 2 0.9) (layers F.Cu F.Paste F.Mask)
      (net 2 gnd) (zone_connect 2))
    (pad 2 smd rect (at -8.5 -3.99) (size 2 0.9) (layers F.Cu F.Paste F.Mask)
      (net 4 3v3) (zone_connect 2))
    (pad 3 smd rect (at -8.5 -2.72) (size 2 0.9) (layers F.Cu F.Paste F.Mask)
      (net 17 "Net-(R2-Pad1)") (zone_connect 2))
    (pad 4 smd rect (at -8.5 -1.45) (size 2 0.9) (layers F.Cu F.Paste F.Mask)
      (zone_connect 2))
    (pad 5 smd rect (at -8.5 -0.18) (size 2 0.9) (layers F.Cu F.Paste F.Mask)
      (zone_connect 2))
    (pad 6 smd rect (at -8.5 1.09) (size 2 0.9) (layers F.Cu F.Paste F.Mask)
      (zone_connect 2))
    (pad 7 smd rect (at -8.5 2.36) (size 2 0.9) (layers F.Cu F.Paste F.Mask)
      (zone_connect 2))
    (pad 8 smd rect (at -8.5 3.63) (size 2 0.9) (layers F.Cu F.Paste F.Mask)
      (net 9 "Net-(J2-Pad1)") (zone_connect 2))
    (pad 9 smd rect (at -8.5 4.9) (size 2 0.9) (layers F.Cu F.Paste F.Mask)
      (net 10 "Net-(J2-Pad2)") (zone_connect 2))
    (pad 10 smd rect (at -8.5 6.17) (size 2 0.9) (layers F.Cu F.Paste F.Mask)
      (net 11 "Net-(J2-Pad3)") (zone_connect 2))
    (pad 11 smd rect (at -8.5 7.44) (size 2 0.9) (layers F.Cu F.Paste F.Mask)
      (net 12 "Net-(J2-Pad4)") (zone_connect 2))
    (pad 12 smd rect (at -8.5 8.71) (size 2 0.9) (layers F.Cu F.Paste F.Mask)
      (net 13 "Net-(J2-Pad5)") (zone_connect 2))
    (pad 13 smd rect (at -8.5 9.98) (size 2 0.9) (layers F.Cu F.Paste F.Mask)
      (net 14 "Net-(J2-Pad6)") (zone_connect 2))
    (pad 14 smd rect (at -8.5 11.25) (size 2 0.9) (layers F.Cu F.Paste F.Mask)
      (net 15 "Net-(J2-Pad7)") (zone_connect 2))
    (pad 15 smd rect (at -5.715 12.25) (size 0.9 2) (layers F.Cu F.Paste F.Mask)
      (net 2 gnd) (zone_connect 2))
    (pad 16 smd rect (at -4.445 12.25) (size 0.9 2) (layers F.Cu F.Paste F.Mask)
      (net 16 "Net-(J2-Pad8)") (zone_connect 2))
    (pad 17 smd rect (at -3.175 12.25) (size 0.9 2) (layers F.Cu F.Paste F.Mask)
      (zone_connect 2))
    (pad 18 smd rect (at -1.905 12.25) (size 0.9 2) (layers F.Cu F.Paste F.Mask)
      (zone_connect 2))
    (pad 19 smd rect (at -0.635 12.25) (size 0.9 2) (layers F.Cu F.Paste F.Mask)
      (zone_connect 2))
    (pad 20 smd rect (at 0.635 12.25) (size 0.9 2) (layers F.Cu F.Paste F.Mask)
      (zone_connect 2))
    (pad 21 smd rect (at 1.905 12.25) (size 0.9 2) (layers F.Cu F.Paste F.Mask)
      (zone_connect 2))
    (pad 22 smd rect (at 3.175 12.25) (size 0.9 2) (layers F.Cu F.Paste F.Mask)
      (zone_connect 2))
    (pad 23 smd rect (at 4.445 12.25) (size 0.9 2) (layers F.Cu F.Paste F.Mask)
      (zone_connect 2))
    (pad 24 smd rect (at 5.715 12.25) (size 0.9 2) (layers F.Cu F.Paste F.Mask)
      (net 8 "Net-(R3-Pad2)") (zone_connect 2))
    (pad 25 smd rect (at 8.5 11.25) (size 2 0.9) (layers F.Cu F.Paste F.Mask)
      (net 18 "Net-(R5-Pad2)") (zone_connect 2))
    (pad 26 smd rect (at 8.5 9.98) (size 2 0.9) (layers F.Cu F.Paste F.Mask)
      (zone_connect 2))
    (pad 27 smd rect (at 8.5 8.71) (size 2 0.9) (layers F.Cu F.Paste F.Mask)
      (zone_connect 2))
    (pad 28 smd rect (at 8.5 7.44) (size 2 0.9) (layers F.Cu F.Paste F.Mask)
      (zone_connect 2))
    (pad 29 smd rect (at 8.5 6.17) (size 2 0.9) (layers F.Cu F.Paste F.Mask)
      (net 5 "Net-(R4-Pad1)") (zone_connect 2))
    (pad 30 smd rect (at 8.5 4.9) (size 2 0.9) (layers F.Cu F.Paste F.Mask)
      (zone_connect 2))
    (pad 31 smd rect (at 8.5 3.63) (size 2 0.9) (layers F.Cu F.Paste F.Mask)
      (zone_connect 2))
    (pad 32 smd rect (at 8.5 2.36) (size 2 0.9) (layers F.Cu F.Paste F.Mask)
      (zone_connect 2))
    (pad 33 smd rect (at 8.5 1.09) (size 2 0.9) (layers F.Cu F.Paste F.Mask)
      (zone_connect 2))
    (pad 34 smd rect (at 8.5 -0.18) (size 2 0.9) (layers F.Cu F.Paste F.Mask)
      (net 7 /Rx) (zone_connect 2))
    (pad 35 smd rect (at 8.5 -1.45) (size 2 0.9) (layers F.Cu F.Paste F.Mask)
      (net 6 /Tx) (zone_connect 2))
    (pad 36 smd rect (at 8.5 -2.72) (size 2 0.9) (layers F.Cu F.Paste F.Mask)
      (zone_connect 2))
    (pad 37 smd rect (at 8.5 -3.99) (size 2 0.9) (layers F.Cu F.Paste F.Mask)
      (zone_connect 2))
    (pad 38 smd rect (at 8.5 -5.26) (size 2 0.9) (layers F.Cu F.Paste F.Mask)
      (net 2 gnd) (zone_connect 2))
    (pad 39_1 smd rect (at -2.835 0.405) (size 1.33 1.33) (layers F.Cu F.Paste F.Mask)
      (net 2 gnd) (zone_connect 2))
    (pad 39_2 smd rect (at -1 0.405) (size 1.33 1.33) (layers F.Cu F.Paste F.Mask)
      (net 2 gnd) (zone_connect 2))
    (pad 39_3 smd rect (at 0.835 0.405) (size 1.33 1.33) (layers F.Cu F.Paste F.Mask)
      (net 2 gnd) (zone_connect 2))
    (pad 39_4 smd rect (at -2.835 2.24) (size 1.33 1.33) (layers F.Cu F.Paste F.Mask)
      (net 2 gnd) (zone_connect 2))
    (pad 39_5 smd rect (at -1 2.24) (size 1.33 1.33) (layers F.Cu F.Paste F.Mask)
      (net 2 gnd) (zone_connect 2))
    (pad 39_6 smd rect (at 0.835 2.24) (size 1.33 1.33) (layers F.Cu F.Paste F.Mask)
      (net 2 gnd) (zone_connect 2))
    (pad 39_7 smd rect (at -2.835 4.075) (size 1.33 1.33) (layers F.Cu F.Paste F.Mask)
      (net 2 gnd) (zone_connect 2))
    (pad 39_8 smd rect (at -1 4.075) (size 1.33 1.33) (layers F.Cu F.Paste F.Mask)
      (net 2 gnd) (zone_connect 2))
    (pad 39_9 smd rect (at 0.835 4.075) (size 1.33 1.33) (layers F.Cu F.Paste F.Mask)
      (net 2 gnd) (zone_connect 2))
    (pad 39_20 thru_hole circle (at -1.9175 4.075) (size 0.4 0.4) (drill 0.3) (layers *.Cu *.Mask)
      (net 2 gnd) (zone_connect 2))
    (pad 39_20 thru_hole circle (at -0.0887 4.075) (size 0.4 0.4) (drill 0.3) (layers *.Cu *.Mask)
      (net 2 gnd) (zone_connect 2))
    (pad 39_20 thru_hole circle (at 0.8257 3.1606) (size 0.4 0.4) (drill 0.3) (layers *.Cu *.Mask)
      (net 2 gnd) (zone_connect 2))
    (pad 39_20 thru_hole circle (at -1.0285 3.1606) (size 0.4 0.4) (drill 0.3) (layers *.Cu *.Mask)
      (net 2 gnd) (zone_connect 2))
    (pad 39_20 thru_hole circle (at -2.8319 3.1606) (size 0.4 0.4) (drill 0.3) (layers *.Cu *.Mask)
      (net 2 gnd) (zone_connect 2))
    (pad 39_20 thru_hole circle (at -2.8573 1.3318) (size 0.4 0.4) (drill 0.3) (layers *.Cu *.Mask)
      (net 2 gnd) (zone_connect 2))
    (pad 39_20 thru_hole circle (at -0.9777 1.3318) (size 0.4 0.4) (drill 0.3) (layers *.Cu *.Mask)
      (net 2 gnd) (zone_connect 2))
    (pad 39_20 thru_hole circle (at 0.8511 1.3318) (size 0.4 0.4) (drill 0.3) (layers *.Cu *.Mask)
      (net 2 gnd) (zone_connect 2))
    (pad 39_20 thru_hole circle (at -0.0887 2.17) (size 0.4 0.4) (drill 0.3) (layers *.Cu *.Mask)
      (net 2 gnd) (zone_connect 2))
    (pad 39_20 thru_hole circle (at -1.8921 2.2208) (size 0.4 0.4) (drill 0.3) (layers *.Cu *.Mask)
      (net 2 gnd) (zone_connect 2))
    (pad 39_20 thru_hole circle (at -1.9175 0.4174) (size 0.4 0.4) (drill 0.3) (layers *.Cu *.Mask)
      (net 2 gnd) (zone_connect 2))
    (pad 39_20 thru_hole circle (at -0.0887 0.4174) (size 0.4 0.4) (drill 0.3) (layers *.Cu *.Mask)
      (net 2 gnd) (zone_connect 2))
  )

  (module Capacitor_SMD:C_0805_2012Metric_Pad1.18x1.45mm_HandSolder (layer F.Cu) (tedit 60646D50) (tstamp 6048CF13)
    (at 160.1835 62.373)
    (descr "Capacitor SMD 0805 (2012 Metric), square (rectangular) end terminal, IPC_7351 nominal with elongated pad for handsoldering. (Body size source: IPC-SM-782 page 76, https://www.pcb-3d.com/wordpress/wp-content/uploads/ipc-sm-782a_amendment_1_and_2.pdf, https://docs.google.com/spreadsheets/d/1BsfQQcO9C6DZCsRaXUlFlo91Tg2WpOkGARC1WS5S8t0/edit?usp=sharing), generated with kicad-footprint-generator")
    (tags "capacitor handsolder")
    (path /6046D12A)
    (attr smd)
    (fp_text reference C1 (at 3.0665 0.127) (layer F.SilkS)
      (effects (font (size 1 1) (thickness 0.15)))
    )
    (fp_text value 10u (at 0 1.68) (layer F.Fab) hide
      (effects (font (size 1 1) (thickness 0.15)))
    )
    (fp_line (start 1.88 0.98) (end -1.88 0.98) (layer F.CrtYd) (width 0.05))
    (fp_line (start 1.88 -0.98) (end 1.88 0.98) (layer F.CrtYd) (width 0.05))
    (fp_line (start -1.88 -0.98) (end 1.88 -0.98) (layer F.CrtYd) (width 0.05))
    (fp_line (start -1.88 0.98) (end -1.88 -0.98) (layer F.CrtYd) (width 0.05))
    (fp_line (start -0.261252 0.735) (end 0.261252 0.735) (layer F.SilkS) (width 0.12))
    (fp_line (start -0.261252 -0.735) (end 0.261252 -0.735) (layer F.SilkS) (width 0.12))
    (fp_line (start 1 0.625) (end -1 0.625) (layer F.Fab) (width 0.1))
    (fp_line (start 1 -0.625) (end 1 0.625) (layer F.Fab) (width 0.1))
    (fp_line (start -1 -0.625) (end 1 -0.625) (layer F.Fab) (width 0.1))
    (fp_line (start -1 0.625) (end -1 -0.625) (layer F.Fab) (width 0.1))
    (fp_text user %R (at 0 0) (layer F.Fab) hide
      (effects (font (size 0.5 0.5) (thickness 0.08)))
    )
    (pad 2 smd roundrect (at 1.0375 0) (size 1.175 1.45) (layers F.Cu F.Paste F.Mask) (roundrect_rratio 0.213)
      (net 2 gnd) (zone_connect 2))
    (pad 1 smd roundrect (at -1.0375 0) (size 1.175 1.45) (layers F.Cu F.Paste F.Mask) (roundrect_rratio 0.2127659574468085)
      (net 3 5v))
    (model ${KISYS3DMOD}/Capacitor_SMD.3dshapes/C_0805_2012Metric.wrl
      (at (xyz 0 0 0))
      (scale (xyz 1 1 1))
      (rotate (xyz 0 0 0))
    )
  )

  (module Capacitor_SMD:C_0805_2012Metric_Pad1.18x1.45mm_HandSolder (layer F.Cu) (tedit 60646D92) (tstamp 6048CF24)
    (at 132.284 42.056 90)
    (descr "Capacitor SMD 0805 (2012 Metric), square (rectangular) end terminal, IPC_7351 nominal with elongated pad for handsoldering. (Body size source: IPC-SM-782 page 76, https://www.pcb-3d.com/wordpress/wp-content/uploads/ipc-sm-782a_amendment_1_and_2.pdf, https://docs.google.com/spreadsheets/d/1BsfQQcO9C6DZCsRaXUlFlo91Tg2WpOkGARC1WS5S8t0/edit?usp=sharing), generated with kicad-footprint-generator")
    (tags "capacitor handsolder")
    (path /6046DEED)
    (attr smd)
    (fp_text reference C2 (at -0.444 1.966 90) (layer F.SilkS)
      (effects (font (size 1 1) (thickness 0.15)))
    )
    (fp_text value 10u (at 0 1.68 90) (layer F.Fab) hide
      (effects (font (size 1 1) (thickness 0.15)))
    )
    (fp_line (start -1 0.625) (end -1 -0.625) (layer F.Fab) (width 0.1))
    (fp_line (start -1 -0.625) (end 1 -0.625) (layer F.Fab) (width 0.1))
    (fp_line (start 1 -0.625) (end 1 0.625) (layer F.Fab) (width 0.1))
    (fp_line (start 1 0.625) (end -1 0.625) (layer F.Fab) (width 0.1))
    (fp_line (start -0.261252 -0.735) (end 0.261252 -0.735) (layer F.SilkS) (width 0.12))
    (fp_line (start -0.261252 0.735) (end 0.261252 0.735) (layer F.SilkS) (width 0.12))
    (fp_line (start -1.88 0.98) (end -1.88 -0.98) (layer F.CrtYd) (width 0.05))
    (fp_line (start -1.88 -0.98) (end 1.88 -0.98) (layer F.CrtYd) (width 0.05))
    (fp_line (start 1.88 -0.98) (end 1.88 0.98) (layer F.CrtYd) (width 0.05))
    (fp_line (start 1.88 0.98) (end -1.88 0.98) (layer F.CrtYd) (width 0.05))
    (fp_text user %R (at 0 0 90) (layer F.Fab) hide
      (effects (font (size 0.5 0.5) (thickness 0.08)))
    )
    (pad 1 smd roundrect (at -1.0375 0 90) (size 1.175 1.45) (layers F.Cu F.Paste F.Mask) (roundrect_rratio 0.2127659574468085)
      (net 4 3v3))
    (pad 2 smd roundrect (at 1.0375 0 90) (size 1.175 1.45) (layers F.Cu F.Paste F.Mask) (roundrect_rratio 0.213)
      (net 2 gnd) (zone_connect 2))
    (model ${KISYS3DMOD}/Capacitor_SMD.3dshapes/C_0805_2012Metric.wrl
      (at (xyz 0 0 0))
      (scale (xyz 1 1 1))
      (rotate (xyz 0 0 0))
    )
  )

  (module Capacitor_SMD:C_0805_2012Metric_Pad1.18x1.45mm_HandSolder (layer F.Cu) (tedit 60646D5F) (tstamp 6048CF35)
    (at 165.285 68.7445 90)
    (descr "Capacitor SMD 0805 (2012 Metric), square (rectangular) end terminal, IPC_7351 nominal with elongated pad for handsoldering. (Body size source: IPC-SM-782 page 76, https://www.pcb-3d.com/wordpress/wp-content/uploads/ipc-sm-782a_amendment_1_and_2.pdf, https://docs.google.com/spreadsheets/d/1BsfQQcO9C6DZCsRaXUlFlo91Tg2WpOkGARC1WS5S8t0/edit?usp=sharing), generated with kicad-footprint-generator")
    (tags "capacitor handsolder")
    (path /607C8BC1)
    (attr smd)
    (fp_text reference C3 (at 0.9945 1.965 90) (layer F.SilkS)
      (effects (font (size 1 1) (thickness 0.15)))
    )
    (fp_text value 10u (at -1.7555 1.965 90) (layer F.Fab) hide
      (effects (font (size 1 1) (thickness 0.15)))
    )
    (fp_line (start 1.88 0.98) (end -1.88 0.98) (layer F.CrtYd) (width 0.05))
    (fp_line (start 1.88 -0.98) (end 1.88 0.98) (layer F.CrtYd) (width 0.05))
    (fp_line (start -1.88 -0.98) (end 1.88 -0.98) (layer F.CrtYd) (width 0.05))
    (fp_line (start -1.88 0.98) (end -1.88 -0.98) (layer F.CrtYd) (width 0.05))
    (fp_line (start -0.261252 0.735) (end 0.261252 0.735) (layer F.SilkS) (width 0.12))
    (fp_line (start -0.261252 -0.735) (end 0.261252 -0.735) (layer F.SilkS) (width 0.12))
    (fp_line (start 1 0.625) (end -1 0.625) (layer F.Fab) (width 0.1))
    (fp_line (start 1 -0.625) (end 1 0.625) (layer F.Fab) (width 0.1))
    (fp_line (start -1 -0.625) (end 1 -0.625) (layer F.Fab) (width 0.1))
    (fp_line (start -1 0.625) (end -1 -0.625) (layer F.Fab) (width 0.1))
    (fp_text user %R (at 0 0 90) (layer F.Fab) hide
      (effects (font (size 0.5 0.5) (thickness 0.08)))
    )
    (pad 2 smd roundrect (at 1.0375 0 90) (size 1.175 1.45) (layers F.Cu F.Paste F.Mask) (roundrect_rratio 0.213)
      (net 2 gnd) (zone_connect 2))
    (pad 1 smd roundrect (at -1.0375 0 90) (size 1.175 1.45) (layers F.Cu F.Paste F.Mask) (roundrect_rratio 0.2127659574468085)
      (net 4 3v3))
    (model ${KISYS3DMOD}/Capacitor_SMD.3dshapes/C_0805_2012Metric.wrl
      (at (xyz 0 0 0))
      (scale (xyz 1 1 1))
      (rotate (xyz 0 0 0))
    )
  )

  (module Capacitor_SMD:C_0805_2012Metric_Pad1.18x1.45mm_HandSolder (layer F.Cu) (tedit 60646DA3) (tstamp 6048CF46)
    (at 129.236 42.0775 90)
    (descr "Capacitor SMD 0805 (2012 Metric), square (rectangular) end terminal, IPC_7351 nominal with elongated pad for handsoldering. (Body size source: IPC-SM-782 page 76, https://www.pcb-3d.com/wordpress/wp-content/uploads/ipc-sm-782a_amendment_1_and_2.pdf, https://docs.google.com/spreadsheets/d/1BsfQQcO9C6DZCsRaXUlFlo91Tg2WpOkGARC1WS5S8t0/edit?usp=sharing), generated with kicad-footprint-generator")
    (tags "capacitor handsolder")
    (path /607C9FEA)
    (attr smd)
    (fp_text reference C4 (at -2.9225 0.514 90) (layer F.SilkS)
      (effects (font (size 1 1) (thickness 0.15)))
    )
    (fp_text value 100n (at 0 1.68 90) (layer F.Fab) hide
      (effects (font (size 1 1) (thickness 0.15)))
    )
    (fp_line (start -1 0.625) (end -1 -0.625) (layer F.Fab) (width 0.1))
    (fp_line (start -1 -0.625) (end 1 -0.625) (layer F.Fab) (width 0.1))
    (fp_line (start 1 -0.625) (end 1 0.625) (layer F.Fab) (width 0.1))
    (fp_line (start 1 0.625) (end -1 0.625) (layer F.Fab) (width 0.1))
    (fp_line (start -0.261252 -0.735) (end 0.261252 -0.735) (layer F.SilkS) (width 0.12))
    (fp_line (start -0.261252 0.735) (end 0.261252 0.735) (layer F.SilkS) (width 0.12))
    (fp_line (start -1.88 0.98) (end -1.88 -0.98) (layer F.CrtYd) (width 0.05))
    (fp_line (start -1.88 -0.98) (end 1.88 -0.98) (layer F.CrtYd) (width 0.05))
    (fp_line (start 1.88 -0.98) (end 1.88 0.98) (layer F.CrtYd) (width 0.05))
    (fp_line (start 1.88 0.98) (end -1.88 0.98) (layer F.CrtYd) (width 0.05))
    (fp_text user %R (at 0 0 90) (layer F.Fab) hide
      (effects (font (size 0.5 0.5) (thickness 0.08)))
    )
    (pad 1 smd roundrect (at -1.0375 0 90) (size 1.175 1.45) (layers F.Cu F.Paste F.Mask) (roundrect_rratio 0.2127659574468085)
      (net 4 3v3))
    (pad 2 smd roundrect (at 1.0375 0 90) (size 1.175 1.45) (layers F.Cu F.Paste F.Mask) (roundrect_rratio 0.213)
      (net 2 gnd) (zone_connect 2))
    (model ${KISYS3DMOD}/Capacitor_SMD.3dshapes/C_0805_2012Metric.wrl
      (at (xyz 0 0 0))
      (scale (xyz 1 1 1))
      (rotate (xyz 0 0 0))
    )
  )

  (module LED_SMD:LED_0805_2012Metric_Pad1.15x1.40mm_HandSolder (layer F.Cu) (tedit 60646D45) (tstamp 6048CF7B)
    (at 153.473 63.392 270)
    (descr "LED SMD 0805 (2012 Metric), square (rectangular) end terminal, IPC_7351 nominal, (Body size source: https://docs.google.com/spreadsheets/d/1BsfQQcO9C6DZCsRaXUlFlo91Tg2WpOkGARC1WS5S8t0/edit?usp=sharing), generated with kicad-footprint-generator")
    (tags "LED handsolder")
    (path /6044DAD4)
    (attr smd)
    (fp_text reference D1 (at 1.608 -2.027 90) (layer F.SilkS)
      (effects (font (size 1 1) (thickness 0.15)))
    )
    (fp_text value LED (at -1.892 -2.027 90) (layer F.SilkS)
      (effects (font (size 1 1) (thickness 0.15)))
    )
    (fp_line (start 1 -0.6) (end -0.7 -0.6) (layer F.Fab) (width 0.1))
    (fp_line (start -0.7 -0.6) (end -1 -0.3) (layer F.Fab) (width 0.1))
    (fp_line (start -1 -0.3) (end -1 0.6) (layer F.Fab) (width 0.1))
    (fp_line (start -1 0.6) (end 1 0.6) (layer F.Fab) (width 0.1))
    (fp_line (start 1 0.6) (end 1 -0.6) (layer F.Fab) (width 0.1))
    (fp_line (start 1 -0.96) (end -1.86 -0.96) (layer F.SilkS) (width 0.12))
    (fp_line (start -1.86 -0.96) (end -1.86 0.96) (layer F.SilkS) (width 0.12))
    (fp_line (start -1.86 0.96) (end 1 0.96) (layer F.SilkS) (width 0.12))
    (fp_line (start -1.85 0.95) (end -1.85 -0.95) (layer F.CrtYd) (width 0.05))
    (fp_line (start -1.85 -0.95) (end 1.85 -0.95) (layer F.CrtYd) (width 0.05))
    (fp_line (start 1.85 -0.95) (end 1.85 0.95) (layer F.CrtYd) (width 0.05))
    (fp_line (start 1.85 0.95) (end -1.85 0.95) (layer F.CrtYd) (width 0.05))
    (fp_text user %R (at 0 0 90) (layer F.Fab) hide
      (effects (font (size 0.5 0.5) (thickness 0.08)))
    )
    (pad 1 smd roundrect (at -1.025 0 270) (size 1.15 1.4) (layers F.Cu F.Paste F.Mask) (roundrect_rratio 0.217)
      (net 2 gnd) (zone_connect 2))
    (pad 2 smd roundrect (at 1.025 0 270) (size 1.15 1.4) (layers F.Cu F.Paste F.Mask) (roundrect_rratio 0.2173904347826087)
      (net 1 "Net-(D1-Pad2)"))
    (model ${KISYS3DMOD}/LED_SMD.3dshapes/LED_0805_2012Metric.wrl
      (at (xyz 0 0 0))
      (scale (xyz 1 1 1))
      (rotate (xyz 0 0 0))
    )
  )

  (module Connector_PinSocket_2.54mm:PinSocket_1x04_P2.54mm_Vertical (layer F.Cu) (tedit 60646D77) (tstamp 6048CFBE)
    (at 163.53 49.93 180)
    (descr "Through hole straight socket strip, 1x04, 2.54mm pitch, single row (from Kicad 4.0.7), script generated")
    (tags "Through hole socket strip THT 1x04 2.54mm single row")
    (path /60952400)
    (fp_text reference J1 (at -1.47 -2.32) (layer F.SilkS) hide
      (effects (font (size 1 1) (thickness 0.15)))
    )
    (fp_text value Conn_01x04_Male (at 0 10.39) (layer F.Fab) hide
      (effects (font (size 1 1) (thickness 0.15)))
    )
    (fp_line (start -1.8 9.4) (end -1.8 -1.8) (layer F.CrtYd) (width 0.05))
    (fp_line (start 1.75 9.4) (end -1.8 9.4) (layer F.CrtYd) (width 0.05))
    (fp_line (start 1.75 -1.8) (end 1.75 9.4) (layer F.CrtYd) (width 0.05))
    (fp_line (start -1.8 -1.8) (end 1.75 -1.8) (layer F.CrtYd) (width 0.05))
    (fp_line (start 0 -1.33) (end 1.33 -1.33) (layer F.SilkS) (width 0.12))
    (fp_line (start 1.33 -1.33) (end 1.33 0) (layer F.SilkS) (width 0.12))
    (fp_line (start 1.33 1.27) (end 1.33 8.95) (layer F.SilkS) (width 0.12))
    (fp_line (start -1.33 8.95) (end 1.33 8.95) (layer F.SilkS) (width 0.12))
    (fp_line (start -1.33 1.27) (end -1.33 8.95) (layer F.SilkS) (width 0.12))
    (fp_line (start -1.33 1.27) (end 1.33 1.27) (layer F.SilkS) (width 0.12))
    (fp_line (start -1.27 8.89) (end -1.27 -1.27) (layer F.Fab) (width 0.1))
    (fp_line (start 1.27 8.89) (end -1.27 8.89) (layer F.Fab) (width 0.1))
    (fp_line (start 1.27 -0.635) (end 1.27 8.89) (layer F.Fab) (width 0.1))
    (fp_line (start 0.635 -1.27) (end 1.27 -0.635) (layer F.Fab) (width 0.1))
    (fp_line (start -1.27 -1.27) (end 0.635 -1.27) (layer F.Fab) (width 0.1))
    (fp_text user %R (at 0 3.81 90) (layer F.Fab) hide
      (effects (font (size 1 1) (thickness 0.15)))
    )
    (pad 4 thru_hole oval (at 0 7.62 180) (size 1.7 1.7) (drill 1) (layers *.Cu *.Mask)
      (net 2 gnd) (zone_connect 2))
    (pad 3 thru_hole oval (at 0 5.08 180) (size 1.7 1.7) (drill 1) (layers *.Cu *.Mask)
      (net 6 /Tx))
    (pad 2 thru_hole oval (at 0 2.54 180) (size 1.7 1.7) (drill 1) (layers *.Cu *.Mask)
      (net 7 /Rx))
    (pad 1 thru_hole rect (at 0 0 180) (size 1.7 1.7) (drill 1) (layers *.Cu *.Mask)
      (net 4 3v3))
    (model ${KISYS3DMOD}/Connector_PinSocket_2.54mm.3dshapes/PinSocket_1x04_P2.54mm_Vertical.wrl
      (at (xyz 0 0 0))
      (scale (xyz 1 1 1))
      (rotate (xyz 0 0 0))
    )
  )

  (module Resistor_SMD:R_1206_3216Metric_Pad1.42x1.75mm_HandSolder (layer F.Cu) (tedit 5B301BBD) (tstamp 6048D18C)
    (at 159.4 46.5 90)
    (descr "Resistor SMD 1206 (3216 Metric), square (rectangular) end terminal, IPC_7351 nominal with elongated pad for handsoldering. (Body size source: http://www.tortai-tech.com/upload/download/2011102023233369053.pdf), generated with kicad-footprint-generator")
    (tags "resistor handsolder")
    (path /60475FA4)
    (attr smd)
    (fp_text reference R1 (at 1.75 -1.9 90) (layer F.SilkS)
      (effects (font (size 1 1) (thickness 0.15)))
    )
    (fp_text value 10k (at -0.7535 2.164 90) (layer F.Fab) hide
      (effects (font (size 1 1) (thickness 0.15)))
    )
    (fp_line (start 2.45 1.12) (end -2.45 1.12) (layer F.CrtYd) (width 0.05))
    (fp_line (start 2.45 -1.12) (end 2.45 1.12) (layer F.CrtYd) (width 0.05))
    (fp_line (start -2.45 -1.12) (end 2.45 -1.12) (layer F.CrtYd) (width 0.05))
    (fp_line (start -2.45 1.12) (end -2.45 -1.12) (layer F.CrtYd) (width 0.05))
    (fp_line (start -0.602064 0.91) (end 0.602064 0.91) (layer F.SilkS) (width 0.12))
    (fp_line (start -0.602064 -0.91) (end 0.602064 -0.91) (layer F.SilkS) (width 0.12))
    (fp_line (start 1.6 0.8) (end -1.6 0.8) (layer F.Fab) (width 0.1))
    (fp_line (start 1.6 -0.8) (end 1.6 0.8) (layer F.Fab) (width 0.1))
    (fp_line (start -1.6 -0.8) (end 1.6 -0.8) (layer F.Fab) (width 0.1))
    (fp_line (start -1.6 0.8) (end -1.6 -0.8) (layer F.Fab) (width 0.1))
    (fp_text user %R (at 0 0 90) (layer F.Fab) hide
      (effects (font (size 0.8 0.8) (thickness 0.12)))
    )
    (pad 2 smd roundrect (at 1.4875 0 90) (size 1.425 1.75) (layers F.Cu F.Paste F.Mask) (roundrect_rratio 0.1754385964912281)
      (net 6 /Tx))
    (pad 1 smd roundrect (at -1.4875 0 90) (size 1.425 1.75) (layers F.Cu F.Paste F.Mask) (roundrect_rratio 0.1754385964912281)
      (net 4 3v3))
    (model ${KISYS3DMOD}/Resistor_SMD.3dshapes/R_1206_3216Metric.wrl
      (at (xyz 0 0 0))
      (scale (xyz 1 1 1))
      (rotate (xyz 0 0 0))
    )
  )

  (module Resistor_SMD:R_1206_3216Metric_Pad1.42x1.75mm_HandSolder (layer F.Cu) (tedit 5B301BBD) (tstamp 6048D19D)
    (at 132.25 46.75 270)
    (descr "Resistor SMD 1206 (3216 Metric), square (rectangular) end terminal, IPC_7351 nominal with elongated pad for handsoldering. (Body size source: http://www.tortai-tech.com/upload/download/2011102023233369053.pdf), generated with kicad-footprint-generator")
    (tags "resistor handsolder")
    (path /6042E8D5)
    (attr smd)
    (fp_text reference R2 (at -0.75 -2 90) (layer F.SilkS)
      (effects (font (size 1 1) (thickness 0.15)))
    )
    (fp_text value 10k (at 0 1.82 90) (layer F.Fab) hide
      (effects (font (size 1 1) (thickness 0.15)))
    )
    (fp_line (start -1.6 0.8) (end -1.6 -0.8) (layer F.Fab) (width 0.1))
    (fp_line (start -1.6 -0.8) (end 1.6 -0.8) (layer F.Fab) (width 0.1))
    (fp_line (start 1.6 -0.8) (end 1.6 0.8) (layer F.Fab) (width 0.1))
    (fp_line (start 1.6 0.8) (end -1.6 0.8) (layer F.Fab) (width 0.1))
    (fp_line (start -0.602064 -0.91) (end 0.602064 -0.91) (layer F.SilkS) (width 0.12))
    (fp_line (start -0.602064 0.91) (end 0.602064 0.91) (layer F.SilkS) (width 0.12))
    (fp_line (start -2.45 1.12) (end -2.45 -1.12) (layer F.CrtYd) (width 0.05))
    (fp_line (start -2.45 -1.12) (end 2.45 -1.12) (layer F.CrtYd) (width 0.05))
    (fp_line (start 2.45 -1.12) (end 2.45 1.12) (layer F.CrtYd) (width 0.05))
    (fp_line (start 2.45 1.12) (end -2.45 1.12) (layer F.CrtYd) (width 0.05))
    (fp_text user %R (at 0 0 90) (layer F.Fab) hide
      (effects (font (size 0.8 0.8) (thickness 0.12)))
    )
    (pad 1 smd roundrect (at -1.4875 0 270) (size 1.425 1.75) (layers F.Cu F.Paste F.Mask) (roundrect_rratio 0.1754385964912281)
      (net 17 "Net-(R2-Pad1)"))
    (pad 2 smd roundrect (at 1.4875 0 270) (size 1.425 1.75) (layers F.Cu F.Paste F.Mask) (roundrect_rratio 0.1754385964912281)
      (net 4 3v3))
    (model ${KISYS3DMOD}/Resistor_SMD.3dshapes/R_1206_3216Metric.wrl
      (at (xyz 0 0 0))
      (scale (xyz 1 1 1))
      (rotate (xyz 0 0 0))
    )
  )

  (module Resistor_SMD:R_1206_3216Metric_Pad1.42x1.75mm_HandSolder (layer F.Cu) (tedit 5B301BBD) (tstamp 6048D1AE)
    (at 150.933 63.1015 90)
    (descr "Resistor SMD 1206 (3216 Metric), square (rectangular) end terminal, IPC_7351 nominal with elongated pad for handsoldering. (Body size source: http://www.tortai-tech.com/upload/download/2011102023233369053.pdf), generated with kicad-footprint-generator")
    (tags "resistor handsolder")
    (path /6044FE32)
    (attr smd)
    (fp_text reference R3 (at 0.1015 -1.82 90) (layer F.SilkS)
      (effects (font (size 1 1) (thickness 0.15)))
    )
    (fp_text value 1k (at 0 1.82 90) (layer F.Fab) hide
      (effects (font (size 1 1) (thickness 0.15)))
    )
    (fp_line (start -1.6 0.8) (end -1.6 -0.8) (layer F.Fab) (width 0.1))
    (fp_line (start -1.6 -0.8) (end 1.6 -0.8) (layer F.Fab) (width 0.1))
    (fp_line (start 1.6 -0.8) (end 1.6 0.8) (layer F.Fab) (width 0.1))
    (fp_line (start 1.6 0.8) (end -1.6 0.8) (layer F.Fab) (width 0.1))
    (fp_line (start -0.602064 -0.91) (end 0.602064 -0.91) (layer F.SilkS) (width 0.12))
    (fp_line (start -0.602064 0.91) (end 0.602064 0.91) (layer F.SilkS) (width 0.12))
    (fp_line (start -2.45 1.12) (end -2.45 -1.12) (layer F.CrtYd) (width 0.05))
    (fp_line (start -2.45 -1.12) (end 2.45 -1.12) (layer F.CrtYd) (width 0.05))
    (fp_line (start 2.45 -1.12) (end 2.45 1.12) (layer F.CrtYd) (width 0.05))
    (fp_line (start 2.45 1.12) (end -2.45 1.12) (layer F.CrtYd) (width 0.05))
    (fp_text user %R (at 0 0 90) (layer F.Fab) hide
      (effects (font (size 0.8 0.8) (thickness 0.12)))
    )
    (pad 1 smd roundrect (at -1.4875 0 90) (size 1.425 1.75) (layers F.Cu F.Paste F.Mask) (roundrect_rratio 0.1754385964912281)
      (net 1 "Net-(D1-Pad2)"))
    (pad 2 smd roundrect (at 1.4875 0 90) (size 1.425 1.75) (layers F.Cu F.Paste F.Mask) (roundrect_rratio 0.1754385964912281)
      (net 8 "Net-(R3-Pad2)"))
    (model ${KISYS3DMOD}/Resistor_SMD.3dshapes/R_1206_3216Metric.wrl
      (at (xyz 0 0 0))
      (scale (xyz 1 1 1))
      (rotate (xyz 0 0 0))
    )
  )

  (module Resistor_SMD:R_1206_3216Metric_Pad1.42x1.75mm_HandSolder (layer F.Cu) (tedit 5B301BBD) (tstamp 6048D1BF)
    (at 158.7165 52.978)
    (descr "Resistor SMD 1206 (3216 Metric), square (rectangular) end terminal, IPC_7351 nominal with elongated pad for handsoldering. (Body size source: http://www.tortai-tech.com/upload/download/2011102023233369053.pdf), generated with kicad-footprint-generator")
    (tags "resistor handsolder")
    (path /604779EF)
    (attr smd)
    (fp_text reference R4 (at -1.7165 -1.878) (layer F.SilkS)
      (effects (font (size 1 1) (thickness 0.15)))
    )
    (fp_text value 10k (at -1.2165 -1.978) (layer F.Fab) hide
      (effects (font (size 1 1) (thickness 0.15)))
    )
    (fp_line (start 2.45 1.12) (end -2.45 1.12) (layer F.CrtYd) (width 0.05))
    (fp_line (start 2.45 -1.12) (end 2.45 1.12) (layer F.CrtYd) (width 0.05))
    (fp_line (start -2.45 -1.12) (end 2.45 -1.12) (layer F.CrtYd) (width 0.05))
    (fp_line (start -2.45 1.12) (end -2.45 -1.12) (layer F.CrtYd) (width 0.05))
    (fp_line (start -0.602064 0.91) (end 0.602064 0.91) (layer F.SilkS) (width 0.12))
    (fp_line (start -0.602064 -0.91) (end 0.602064 -0.91) (layer F.SilkS) (width 0.12))
    (fp_line (start 1.6 0.8) (end -1.6 0.8) (layer F.Fab) (width 0.1))
    (fp_line (start 1.6 -0.8) (end 1.6 0.8) (layer F.Fab) (width 0.1))
    (fp_line (start -1.6 -0.8) (end 1.6 -0.8) (layer F.Fab) (width 0.1))
    (fp_line (start -1.6 0.8) (end -1.6 -0.8) (layer F.Fab) (width 0.1))
    (fp_text user %R (at 0 0) (layer F.Fab) hide
      (effects (font (size 0.8 0.8) (thickness 0.12)))
    )
    (pad 2 smd roundrect (at 1.4875 0) (size 1.425 1.75) (layers F.Cu F.Paste F.Mask) (roundrect_rratio 0.1754385964912281)
      (net 4 3v3))
    (pad 1 smd roundrect (at -1.4875 0) (size 1.425 1.75) (layers F.Cu F.Paste F.Mask) (roundrect_rratio 0.1754385964912281)
      (net 5 "Net-(R4-Pad1)"))
    (model ${KISYS3DMOD}/Resistor_SMD.3dshapes/R_1206_3216Metric.wrl
      (at (xyz 0 0 0))
      (scale (xyz 1 1 1))
      (rotate (xyz 0 0 0))
    )
  )

  (module Resistor_SMD:R_1206_3216Metric_Pad1.42x1.75mm_HandSolder (layer F.Cu) (tedit 5B301BBD) (tstamp 6048D1D0)
    (at 158.7125 56.2 180)
    (descr "Resistor SMD 1206 (3216 Metric), square (rectangular) end terminal, IPC_7351 nominal with elongated pad for handsoldering. (Body size source: http://www.tortai-tech.com/upload/download/2011102023233369053.pdf), generated with kicad-footprint-generator")
    (tags "resistor handsolder")
    (path /604461AA)
    (attr smd)
    (fp_text reference R5 (at 1.6125 -1.9) (layer F.SilkS)
      (effects (font (size 1 1) (thickness 0.15)))
    )
    (fp_text value 10k (at 0 1.82) (layer F.Fab) hide
      (effects (font (size 1 1) (thickness 0.15)))
    )
    (fp_line (start 2.45 1.12) (end -2.45 1.12) (layer F.CrtYd) (width 0.05))
    (fp_line (start 2.45 -1.12) (end 2.45 1.12) (layer F.CrtYd) (width 0.05))
    (fp_line (start -2.45 -1.12) (end 2.45 -1.12) (layer F.CrtYd) (width 0.05))
    (fp_line (start -2.45 1.12) (end -2.45 -1.12) (layer F.CrtYd) (width 0.05))
    (fp_line (start -0.602064 0.91) (end 0.602064 0.91) (layer F.SilkS) (width 0.12))
    (fp_line (start -0.602064 -0.91) (end 0.602064 -0.91) (layer F.SilkS) (width 0.12))
    (fp_line (start 1.6 0.8) (end -1.6 0.8) (layer F.Fab) (width 0.1))
    (fp_line (start 1.6 -0.8) (end 1.6 0.8) (layer F.Fab) (width 0.1))
    (fp_line (start -1.6 -0.8) (end 1.6 -0.8) (layer F.Fab) (width 0.1))
    (fp_line (start -1.6 0.8) (end -1.6 -0.8) (layer F.Fab) (width 0.1))
    (fp_text user %R (at 0 0) (layer F.Fab) hide
      (effects (font (size 0.8 0.8) (thickness 0.12)))
    )
    (pad 2 smd roundrect (at 1.4875 0 180) (size 1.425 1.75) (layers F.Cu F.Paste F.Mask) (roundrect_rratio 0.1754385964912281)
      (net 18 "Net-(R5-Pad2)"))
    (pad 1 smd roundrect (at -1.4875 0 180) (size 1.425 1.75) (layers F.Cu F.Paste F.Mask) (roundrect_rratio 0.1754385964912281)
      (net 4 3v3))
    (model ${KISYS3DMOD}/Resistor_SMD.3dshapes/R_1206_3216Metric.wrl
      (at (xyz 0 0 0))
      (scale (xyz 1 1 1))
      (rotate (xyz 0 0 0))
    )
  )

  (module 434111043826:434111043826 (layer F.Cu) (tedit 60646DAB) (tstamp 6048D39B)
    (at 123.75 45.25)
    (descr "<B>WS-TASV</B><BR>6x3.5 mm SMD Tact Switch, 2 pins")
    (path /6047D0C9)
    (fp_text reference "S1 EN" (at 0 -2.75) (layer F.SilkS)
      (effects (font (size 1 1) (thickness 0.15)))
    )
    (fp_text value 434111043826 (at 3.0404 2.769) (layer F.Fab) hide
      (effects (font (size 0.8 0.8) (thickness 0.015)))
    )
    (fp_circle (center -1.7 -1) (end -1.6 -1) (layer F.SilkS) (width 0.2))
    (fp_line (start 3.1 1.85) (end 3.1 1.1) (layer F.SilkS) (width 0.2))
    (fp_line (start -3.1 1.85) (end 3.1 1.85) (layer F.SilkS) (width 0.2))
    (fp_line (start -3.1 1.2) (end -3.1 1.85) (layer F.SilkS) (width 0.2))
    (fp_line (start 3.1 -1.85) (end 3.1 -1.1) (layer F.SilkS) (width 0.2))
    (fp_line (start -3.1 -1.85) (end 3.1 -1.85) (layer F.SilkS) (width 0.2))
    (fp_line (start -3.1 -1.1) (end -3.1 -1.85) (layer F.SilkS) (width 0.2))
    (fp_line (start -3 -1.75) (end -3 1.75) (layer F.Fab) (width 0.1))
    (fp_line (start 3 -1.75) (end -3 -1.75) (layer F.Fab) (width 0.1))
    (fp_line (start 3 1.75) (end 3 -1.75) (layer F.Fab) (width 0.1))
    (fp_line (start -3 1.75) (end 3 1.75) (layer F.Fab) (width 0.1))
    (pad 2 smd rect (at 3.35 0) (size 2.3 1.5) (layers F.Cu F.Paste F.Mask)
      (net 17 "Net-(R2-Pad1)"))
    (pad 1 smd rect (at -3.35 0) (size 2.3 1.5) (layers F.Cu F.Paste F.Mask)
      (net 2 gnd) (zone_connect 2))
  )

  (module 434111043826:434111043826 (layer F.Cu) (tedit 60646D69) (tstamp 6048D3AC)
    (at 167.2 56.4)
    (descr "<B>WS-TASV</B><BR>6x3.5 mm SMD Tact Switch, 2 pins")
    (path /60487491)
    (fp_text reference "S2 BOOT" (at 0.05 -2.9) (layer F.SilkS)
      (effects (font (size 1 1) (thickness 0.15)))
    )
    (fp_text value 434111043826 (at 3.0404 2.769) (layer F.Fab) hide
      (effects (font (size 0.8 0.8) (thickness 0.015)))
    )
    (fp_line (start -3 1.75) (end 3 1.75) (layer F.Fab) (width 0.1))
    (fp_line (start 3 1.75) (end 3 -1.75) (layer F.Fab) (width 0.1))
    (fp_line (start 3 -1.75) (end -3 -1.75) (layer F.Fab) (width 0.1))
    (fp_line (start -3 -1.75) (end -3 1.75) (layer F.Fab) (width 0.1))
    (fp_line (start -3.1 -1.1) (end -3.1 -1.85) (layer F.SilkS) (width 0.2))
    (fp_line (start -3.1 -1.85) (end 3.1 -1.85) (layer F.SilkS) (width 0.2))
    (fp_line (start 3.1 -1.85) (end 3.1 -1.1) (layer F.SilkS) (width 0.2))
    (fp_line (start -3.1 1.2) (end -3.1 1.85) (layer F.SilkS) (width 0.2))
    (fp_line (start -3.1 1.85) (end 3.1 1.85) (layer F.SilkS) (width 0.2))
    (fp_line (start 3.1 1.85) (end 3.1 1.1) (layer F.SilkS) (width 0.2))
    (fp_circle (center -1.7 -1) (end -1.6 -1) (layer F.SilkS) (width 0.2))
    (pad 1 smd rect (at -3.35 0) (size 2.3 1.5) (layers F.Cu F.Paste F.Mask)
      (net 18 "Net-(R5-Pad2)"))
    (pad 2 smd rect (at 3.35 0) (size 2.3 1.5) (layers F.Cu F.Paste F.Mask)
      (net 2 gnd) (zone_connect 2))
  )

  (module Package_TO_SOT_SMD:SOT-223-3_TabPin2 (layer F.Cu) (tedit 60646D57) (tstamp 6048D3F2)
    (at 160.205 68.621 270)
    (descr "module CMS SOT223 4 pins")
    (tags "CMS SOT")
    (path /60464FD8)
    (attr smd)
    (fp_text reference U2 (at 3.379 -3.545 180) (layer F.SilkS)
      (effects (font (size 1 1) (thickness 0.15)))
    )
    (fp_text value AMS1117 (at 0 4.5 90) (layer F.Fab) hide
      (effects (font (size 1 1) (thickness 0.15)))
    )
